MJD,ABmag,emag,band
55084.6734,22.128000000000004,0.28800000000000003,UVW1
55084.6756,21.243,0.34600000000000003,U
55084.6799,22.844,0.268,UVW2
55084.6858,22.498000000000005,0.295,UVM2
56147.23,18.42,0.01,B
56147.23,18.57,0.05,I
56147.23,18.43,0.03,R
56147.23,18.33,0.01,U
56147.23,18.45,0.04,V
56148.41,18.67,0.08,R
56150.4,18.44,0.05,R
56157.26,17.15,0.1,B
56157.26,17.55,0.16,H
56157.26,17.18,0.11,I
56157.26,17.23,0.18,J
56157.26,18.450000000000003,0.22,KS
56157.26,17.07,0.06,R
56157.26,17.33,0.22,U
56157.26,17.07,0.11,V
56164.28,17.150000000000002,0.02,R
56165.09,16.79,0.01,B
56165.09,16.98,0.02,I
56165.09,16.82,0.02,R
56165.09,16.88,0.01,U
56165.09,16.86,0.02,V
56165.3,17.5,0.12,H
56165.3,17.16,0.1,J
56165.3,17.73,0.15,KS
56166.15,16.93,0.01,B
56166.15,17.029999999999998,0.03,I
56166.15,16.94,0.03,R
56166.15,17.029999999999998,0.01,U
56166.15,16.95,0.01,V
56168.04,16.77,0.05,R
56170.04,16.93,0.01,B
56170.04,16.93,0.08,I
56170.04,16.75,0.05,R
56170.04,17.11,0.02,U
56170.04,16.86,0.02,V
56171.1,16.830000000000002,0.03,B
56171.1,16.939999999999998,0.05,I
56171.1,16.73,0.04,R
56171.1,16.79,0.03,V
56172.12,16.93,0.08,B
56172.12,16.86,0.04,I
56172.12,16.78,0.04,R
56172.12,16.75,0.02,V
56174.8738,16.903,0.174,V
56174.8947,18.619000000000003,0.073,UVW1
56174.8975,17.285999999999998,0.065,U
56174.8994,17.239,0.064,B
56174.9,17.2,0.04,B
56174.9,17.279999999999998,0.04,U
56174.9,18.71,0.05,UVW1
56174.9,19.73,0.08,UVW2
56174.9,17.03,0.02,V
56174.9004,19.605999999999998,0.095,UVW2
56175.07,17.22,0.06,B
56175.07,17.22,0.03,I
56175.07,17.03,0.03,R
56175.07,17.509999999999998,0.03,U
56175.07,17.11,0.04,V
56175.35,17.24,0.1,I
56175.35,16.990000000000002,0.07,R
56175.35,17.009999999999998,0.07,V
56176.06,17.25,0.06,B
56176.06,17.15,0.05,I
56176.06,17.060000000000002,0.04,R
56176.06,17.099999999999998,0.03,V
56176.6338,18.501,0.084,UVW1
56176.6349,17.270999999999997,0.08,U
56176.6355,17.176,0.08,B
56176.6373,19.663,0.10300000000000001,UVW2
56176.639,17.296,0.12300000000000001,V
56176.64,17.24,0.07,B
56176.64,17.3,0.06,U
56176.64,19.64,0.08,UVM2
56176.64,18.57,0.07,UVW1
56176.64,19.75,0.08,UVW2
56176.64,17.25,0.12,V
56176.6416,19.434,0.092,UVM2
56177.03,17.01,0.08,R
56177.1,17.18,0.12,U
56178.03,17.67,0.13,H
56178.03,17.38,0.13,J
56178.03,17.77,0.18,KS
56179.1,17.67,0.12,H
56179.1,17.37,0.1,J
56179.1,17.87,0.15,KS
56180.03,17.0,0.1,R
56181.17,17.02,0.07,I
56181.17,16.79,0.04,R
56181.17,17.0,0.05,V
56183.4351,19.631,0.115,UVW1
56183.4368,18.074,0.09699999999999999,U
56183.4375,17.583,0.08800000000000001,B
56183.4388,20.955000000000002,0.157,UVW2
56183.44,17.64,0.08,B
56183.44,18.099999999999998,0.07,U
56183.44,20.73,0.16,UVM2
56183.44,19.8,0.12,UVW1
56183.44,21.11,0.32,UVW2
56183.44,17.849999999999998,0.14,V
56183.4416,17.641,0.138,V
56183.4432,20.64,0.136,UVM2
56188.04,17.87,0.1,R
56190.75,18.41,0.17,B
56190.75,18.7,0.13,U
56190.75,20.810000000000002,0.24,UVW1
56190.7505,20.649,0.20800000000000002,UVW1
56190.7526,18.637999999999998,0.135,U
56190.7534,18.423,0.17600000000000002,B
56192.7422,21.953,0.248,UVM2
56192.7563,20.717000000000002,0.14800000000000002,UVW1
56192.7591,18.718,0.083,U
56192.76,18.15,0.06,B
56192.76,18.7,0.07,U
56192.76,22.21,0.32,UVM2
56192.76,20.87,0.23,UVW1
56192.76,22.31,0.26,UVW2
56192.76,18.19,0.07,V
56192.761,18.117,0.075,B
56192.7657,22.127000000000002,0.191,UVW2
56192.7708,18.012999999999998,0.08800000000000001,V
56192.96,18.14,0.04,B
56192.96,18.029999999999998,0.06,I
56192.96,17.79,0.09,R
56192.96,18.75,0.02,U
56192.96,18.02,0.04,V
56193.09,18.13,0.07,B
56193.09,18.54,0.18,H
56193.09,17.93,0.07,I
56193.09,18.080000000000002,0.12,J
56193.09,18.71,0.17,KS
56193.09,17.82,0.06,R
56193.09,17.99,0.04,V
56193.6,17.77,0.1,I
56194.08,18.05,0.06,B
56194.08,17.9,0.06,I
56194.08,17.740000000000002,0.06,R
56194.08,17.86,0.03,V
56194.16,17.330000000000002,0.06,R
56194.16,17.79,0.08,V
56194.59,16.98,0.07,I
56194.59,16.53,0.05,R
56195.13,15.879999999999999,0.04,I
56195.13,15.690000000000001,0.05,R
56195.13,15.639999999999999,0.02,V
56195.2,15.479999999999999,0.12,I
56195.51,15.489999999999998,0.06,I
56195.51,15.21,0.03,R
56196.07,14.93,0.06,V
56196.1,15.12,0.04,I
56196.1,14.860000000000001,0.03,R
56196.1,14.86,0.02,V
56196.23,14.69,0.04,B
56196.23,14.219999999999999,0.04,U
56196.23,14.51,0.06,UVM2
56196.23,14.51,0.05,UVW1
56196.23,14.58,0.07,UVW2
56196.23,14.92,0.04,V
56196.3371,14.49,0.04,UVW1
56196.3388,14.186,0.04,U
56196.3397,14.657,0.043,B
56196.342,14.558,0.04,UVW2
56196.3446,14.877,0.054000000000000006,V
56196.3477,14.433,0.04,UVM2
56196.48,15.01,0.05,I
56196.48,14.73,0.05,R
56197.07,14.899999999999999,0.13,I
56197.07,14.61,0.08,V
56197.13,14.84,0.04,I
56197.13,14.58,0.03,R
56197.13,14.54,0.02,V
56197.45,14.29,0.04,UVW1
56197.45,14.34,0.04,UVW2
56197.4572,14.383,0.04,UVW2
56197.4705,14.247,0.04,UVW1
56197.53,14.78,0.08,I
56197.6986,14.136,0.04,UVW1
56197.7,14.31,0.04,B
56197.7,13.809999999999999,0.04,U
56197.7,14.19,0.04,UVW1
56197.7,14.23,0.04,UVW2
56197.7017,13.793,0.04,U
56197.7032,14.276,0.042,B
56197.7054,14.263,0.04,UVW2
56197.98,15.31,0.11,H
56197.98,15.08,0.1,J
56197.98,15.33,0.16,KS
56198.04,14.31,0.05,B
56198.04,13.690000000000001,0.04,U
56198.04,14.049999999999999,0.04,UVM2
56198.04,14.17,0.04,UVW1
56198.04,14.200000000000001,0.04,UVW2
56198.04,14.6,0.06,V
56198.06,14.639999999999999,0.07,I
56198.06,14.41,0.06,V
56198.3,14.23,0.03,B
56198.3,14.569999999999999,0.03,I
56198.3,14.3,0.04,R
56198.3,14.34,0.02,V
56198.43,14.66,0.07,I
56198.43,14.350000000000001,0.05,R
56198.4736,14.015,0.04,UVW1
56198.4743,13.683,0.04,U
56198.4747,14.165000000000001,0.042,B
56198.4762,14.158,0.04,UVW2
56198.4772,14.302,0.049,V
56198.4793,13.967999999999998,0.04,UVM2
56198.59,14.14,0.04,UVW1
56198.59,14.120000000000001,0.04,UVW2
56198.92,14.11,0.02,B
56198.92,14.559999999999999,0.02,I
56198.92,14.32,0.01,R
56198.92,13.989999999999998,0.03,U
56198.92,14.299999999999999,0.02,V
56198.97,15.17,0.13,H
56198.97,14.97,0.11,J
56198.97,15.23,0.17,KS
56199.15,14.19,0.02,B
56199.15,14.53,0.02,I
56199.15,14.3,0.02,R
56199.15,14.219999999999999,0.01,V
56199.2,14.41,0.07,I
56199.2,14.25,0.06,V
56199.46,14.08,0.04,UVW1
56199.58,14.260000000000002,0.02,R
56199.6477,13.921,0.04,UVW1
56199.6495,13.570999999999998,0.04,U
56199.65,14.02,0.04,B
56199.65,13.600000000000001,0.04,U
56199.65,14.07,0.05,UVM2
56199.65,13.959999999999999,0.04,UVW1
56199.65,14.01,0.04,UVW2
56199.65,14.24,0.04,V
56199.6505,14.005999999999998,0.040999999999999995,B
56199.6532,14.051,0.04,UVW2
56199.6559,14.177999999999999,0.05,V
56199.6566,13.825,0.043,UVM2
56199.93,14.0,0.02,B
56199.93,14.43,0.02,I
56199.93,14.190000000000001,0.01,R
56199.93,13.82,0.03,U
56199.93,14.17,0.02,V
56200.07,14.44,0.06,I
56200.07,14.18,0.07,V
56200.24,13.54,0.04,U
56200.473,13.506,0.04,U
56200.491,13.988,0.04,UVW2
56200.51,13.940000000000001,0.04,UVW2
56200.61,14.290000000000001,0.02,R
56200.69,14.43,0.03,I
56200.69,14.120000000000001,0.04,R
56200.9834,13.821,0.04,UVW1
56200.9845,13.439,0.04,U
56200.9851,13.838,0.040999999999999995,B
56200.9867,13.937000000000001,0.04,UVW2
56200.9884,14.069,0.051,V
56200.99,13.85,0.04,B
56200.99,13.46,0.04,U
56200.99,13.76,0.04,UVM2
56200.99,13.86,0.04,UVW1
56200.99,13.91,0.04,UVW2
56200.99,14.139999999999999,0.04,V
56200.9905,13.754999999999999,0.04,UVM2
56201.03,13.93,0.04,B
56201.03,14.399999999999999,0.01,I
56201.03,14.120000000000001,0.02,R
56201.03,14.049999999999999,0.02,V
56201.05,13.92,0.04,UVW2
56201.06,14.36,0.04,I
56201.06,14.04,0.05,V
56201.43,13.93,0.04,UVW2
56201.4312,13.972000000000001,0.04,UVW2
56201.44,14.389999999999999,0.03,I
56201.44,14.06,0.03,R
56201.54,14.120000000000001,0.02,R
56201.94,13.88,0.02,B
56201.94,14.33,0.02,I
56201.94,14.07,0.01,R
56201.94,13.77,0.03,U
56201.94,14.049999999999999,0.02,V
56201.96,15.120000000000001,0.14,H
56201.96,14.88,0.11,J
56201.96,15.139999999999999,0.18,KS
56201.9834,13.825,0.04,UVW1
56201.9845,13.411999999999999,0.04,U
56201.9851,13.888,0.040999999999999995,B
56201.9867,13.927000000000001,0.04,UVW2
56201.9883,13.995,0.05,V
56201.99,13.9,0.04,B
56201.99,13.440000000000001,0.04,U
56201.99,13.79,0.04,UVM2
56201.99,13.87,0.04,UVW1
56201.99,13.89,0.04,UVW2
56201.99,14.059999999999999,0.04,V
56201.9905,13.780999999999999,0.04,UVM2
56202.05,14.26,0.08,I
56202.05,14.01,0.07,V
56202.2529,13.822999999999999,0.04,UVW1
56202.254,13.429000000000002,0.04,U
56202.2547,13.852,0.040999999999999995,B
56202.2564,13.947000000000001,0.04,UVW2
56202.2582,14.037,0.05,V
56202.26,13.86,0.04,B
56202.26,13.440000000000001,0.04,U
56202.26,13.799999999999999,0.04,UVM2
56202.26,13.87,0.04,UVW1
56202.26,13.91,0.04,UVW2
56202.26,13.98,0.05,V
56202.26,14.1,0.04,V
56202.2605,13.799000000000001,0.04,UVM2
56203.05,14.33,0.08,I
56203.05,13.98,0.06,V
56203.0584,13.818,0.04,UVW1
56203.0594,13.415,0.04,U
56203.06,13.858,0.040999999999999995,B
56203.06,13.870000000000001,0.04,B
56203.06,13.440000000000001,0.05,U
56203.06,13.799999999999999,0.04,UVM2
56203.06,13.87,0.05,UVW1
56203.06,13.93,0.04,UVW2
56203.06,14.11,0.04,V
56203.0615,13.965,0.04,UVW2
56203.0631,14.024000000000001,0.05,V
56203.0654,13.796,0.04,UVM2
56203.22,13.879999999999999,0.03,V
56203.29,13.96,0.04,UVW2
56203.3944,13.985999999999999,0.04,UVW2
56204.02,13.86,0.05,B
56204.02,14.239999999999998,0.05,I
56204.02,13.99,0.03,R
56204.02,13.77,0.02,V
56204.05,13.77,0.04,B
56204.05,14.25,0.07,I
56204.05,13.420000000000002,0.05,U
56204.05,13.729999999999999,0.04,UVM2
56204.05,13.81,0.05,UVW1
56204.05,13.870000000000001,0.04,UVW2
56204.05,13.92,0.05,V
56204.05,13.94,0.04,V
56204.052,13.732000000000001,0.04,UVW1
56204.053,13.395,0.04,U
56204.0535,13.754000000000001,0.040999999999999995,B
56204.055,13.891,0.04,UVW2
56204.0565,13.859,0.048,V
56204.0586,13.719000000000001,0.04,UVM2
56204.39,13.83,0.04,UVW2
56204.4975,13.864,0.04,UVW2
56204.51,13.71,0.12,B
56204.5146,13.697000000000001,0.045,B
56204.61,13.950000000000001,0.01,R
56205.05,14.17,0.07,I
56205.05,13.83,0.05,V
56205.11,13.75,0.05,V
56205.4,13.83,0.04,UVW2
56205.5167,13.655,0.044000000000000004,B
56205.52,13.68,0.1,B
56205.5315,13.864,0.04,UVW2
56205.59,13.91,0.01,R
56206.04,14.129999999999999,0.05,I
56206.04,13.82,0.05,V
56206.12,13.66,0.05,B
56206.12,13.309999999999999,0.05,U
56206.12,13.709999999999999,0.04,UVM2
56206.12,13.75,0.04,UVW1
56206.12,13.83,0.04,UVW2
56206.12,13.879999999999999,0.04,V
56206.1222,13.687999999999999,0.04,UVW1
56206.1234,13.286999999999999,0.04,U
56206.124,13.648,0.040999999999999995,B
56206.1258,13.870000000000001,0.04,UVW2
56206.1275,13.802999999999999,0.047,V
56206.1296,13.700999999999999,0.04,UVM2
56206.2,13.860000000000001,0.04,UVW2
56206.21,13.73,0.03,V
56206.3327,13.919,0.04,UVW2
56206.59,13.91,0.01,R
56206.9,13.71,0.02,B
56206.9,14.11,0.02,I
56206.9,13.860000000000001,0.02,R
56206.9,13.61,0.04,U
56206.9,13.84,0.02,V
56207.43,14.0,0.04,UVW2
56207.4381,14.042000000000002,0.04,UVW2
56207.91,14.12,0.02,I
56207.91,13.860000000000001,0.01,R
56207.91,13.85,0.02,V
56208.04,14.139999999999999,0.07,I
56208.04,13.85,0.05,V
56208.4402,14.18,0.04,UVW2
56208.6668,13.931,0.04,UVW1
56208.6683,13.392,0.04,U
56208.6691,13.734000000000002,0.040999999999999995,B
56208.67,13.75,0.05,B
56208.67,13.41,0.05,U
56208.67,13.95,0.04,UVM2
56208.67,13.99,0.05,UVW1
56208.67,14.15,0.04,UVW2
56208.67,13.889999999999999,0.04,V
56208.6714,14.18,0.04,UVW2
56208.6737,13.815,0.046,V
56208.677,13.945,0.04,UVM2
56208.92,14.129999999999999,0.02,I
56208.92,13.940000000000001,0.01,R
56208.92,13.9,0.02,V
56209.04,13.78,0.02,B
56209.04,14.129999999999999,0.01,I
56209.04,13.96,0.01,R
56209.04,13.79,0.04,U
56209.04,13.92,0.01,V
56209.1,14.139999999999999,0.07,I
56209.1,13.96,0.04,R
56209.1,13.9,0.03,V
56209.2,14.08,0.09,I
56209.2,13.879999999999999,0.05,V
56209.57,13.950000000000001,0.01,R
56209.93,13.82,0.02,B
56209.93,14.149999999999999,0.02,I
56209.93,13.940000000000001,0.01,R
56209.93,13.780000000000001,0.03,U
56209.93,13.94,0.01,V
56210.03,14.16,0.07,I
56210.03,13.889999999999999,0.06,V
56210.0597,14.047,0.04,UVW1
56210.06,13.83,0.05,B
56210.06,13.59,0.05,U
56210.06,14.129999999999999,0.04,UVM2
56210.06,14.1,0.05,UVW1
56210.06,14.34,0.05,UVW2
56210.06,13.9,0.04,V
56210.0608,13.572,0.04,U
56210.0613,13.809000000000001,0.040999999999999995,B
56210.0629,14.377,0.04,UVW2
56210.0645,13.824,0.048,V
56210.0668,14.127999999999998,0.040999999999999995,UVM2
56210.15,13.86,0.03,B
56210.27,13.84,0.01,B
56210.27,14.139999999999999,0.01,I
56210.27,13.99,0.01,R
56210.27,13.829999999999998,0.02,U
56210.27,13.95,0.01,V
56210.3384,14.436,0.04,UVW2
56210.58,13.97,0.01,R
56211.15,14.059999999999999,0.07,I
56211.15,13.93,0.03,V
56211.89,13.870000000000001,0.02,B
56211.89,14.139999999999999,0.02,I
56211.89,13.940000000000001,0.01,R
56211.89,13.829999999999998,0.03,U
56211.89,13.92,0.02,V
56212.03,14.12,0.06,I
56212.03,13.889999999999999,0.06,V
56212.1965,14.195,0.040999999999999995,UVW1
56212.1976,13.539000000000001,0.04,U
56212.1981,13.805,0.040999999999999995,B
56212.1997,14.529000000000002,0.040999999999999995,UVW2
56212.2,13.82,0.05,B
56212.2,13.559999999999999,0.05,U
56212.2,14.24,0.05,UVM2
56212.2,14.25,0.05,UVW1
56212.2,14.49,0.05,UVW2
56212.2,13.959999999999999,0.05,V
56212.2013,13.895,0.049,V
56212.2036,14.242999999999999,0.040999999999999995,UVM2
56212.24,15.17,0.04,H
56212.24,14.89,0.07,J
56212.25,14.74,0.17,H
56212.25,14.56,0.18,J
56212.25,15.23,0.27,KS
56212.3804,14.558,0.04,UVW2
56213.03,14.11,0.05,I
56213.03,13.950000000000001,0.03,R
56213.03,13.889999999999999,0.01,V
56213.08,14.04,0.11,I
56213.08,13.879999999999999,0.06,V
56213.88,13.870000000000001,0.02,B
56213.88,14.129999999999999,0.02,I
56213.88,13.920000000000002,0.01,R
56213.88,13.809999999999999,0.03,U
56213.88,13.93,0.02,V
56214.13,13.89,0.05,B
56214.13,13.649999999999999,0.05,U
56214.13,14.37,0.05,UVM2
56214.13,14.33,0.05,UVW1
56214.13,14.63,0.05,UVW2
56214.13,13.95,0.05,V
56214.1337,14.274000000000001,0.040999999999999995,UVW1
56214.1351,13.620000000000001,0.04,U
56214.1358,13.874,0.040999999999999995,B
56214.1379,14.662,0.040999999999999995,UVW2
56214.14,13.87,0.047,V
56214.1431,14.369,0.040999999999999995,UVM2
56214.2527,14.703,0.040999999999999995,UVW2
56215.24,13.92,0.01,B
56215.24,14.17,0.01,I
56215.24,14.0,0.01,R
56215.24,13.940000000000001,0.02,U
56215.24,13.99,0.01,V
56215.61,14.0,0.01,R
56216.02,14.0,0.01,B
56216.02,14.239999999999998,0.01,I
56216.02,14.08,0.01,R
56216.02,14.010000000000002,0.01,U
56216.02,14.08,0.01,V
56216.21,14.05,0.05,B
56216.21,13.86,0.05,U
56216.21,14.809999999999999,0.05,UVM2
56216.21,14.84,0.05,UVW1
56216.21,15.120000000000001,0.05,UVW2
56216.21,14.09,0.05,V
56216.23,14.02,0.02,B
56216.23,14.19,0.01,I
56216.23,14.0,0.02,R
56216.23,14.02,0.03,V
56216.272,14.075999999999999,0.045,B
56216.3879,15.200999999999999,0.042,UVW2
56216.4051,14.855999999999998,0.057,UVM2
56216.71,14.07,0.05,B
56216.71,14.129999999999999,0.05,U
56216.71,14.809999999999999,0.05,UVM2
56216.71,14.84,0.05,UVW1
56216.71,15.120000000000001,0.05,UVW2
56216.71,14.049999999999999,0.05,V
56216.77,14.19,0.05,B
56216.87,15.27,0.05,UVW2
56216.9,14.979999999999999,0.06,UVM2
56218.01,14.31,0.02,B
56218.01,14.37,0.04,I
56218.01,14.180000000000001,0.02,R
56218.01,14.19,0.02,V
56218.8249,15.224,0.046,UVW1
56218.826,14.245000000000001,0.042,U
56218.8265,14.222999999999999,0.043,B
56218.8281,15.955,0.051,UVW2
56218.8297,14.17,0.052000000000000005,V
56218.832,15.540999999999999,0.051,UVM2
56219.02,14.399999999999999,0.03,I
56219.02,14.25,0.03,R
56219.02,14.23,0.01,V
56219.32,14.28,0.05,B
56219.32,14.61,0.05,U
56219.32,15.66,0.06,UVM2
56219.32,15.299999999999999,0.06,UVW1
56219.32,15.93,0.05,UVW2
56219.32,14.219999999999999,0.05,V
56220.455,14.457999999999998,0.040999999999999995,U
56220.4712,16.329,0.053,UVW2
56220.5462,15.45,0.049,UVW1
56220.5471,14.417000000000002,0.043,U
56220.5476,14.323,0.044000000000000004,B
56220.5491,16.302,0.057999999999999996,UVW2
56220.5505,14.230999999999998,0.054000000000000006,V
56220.5525,15.879,0.057999999999999996,UVM2
56220.83,15.06,0.04,H
56220.83,14.9,0.08,J
56220.83,15.12,0.08,KS
56220.89,14.36,0.06,B
56220.89,14.44,0.05,I
56220.89,14.3,0.04,R
56220.89,14.629999999999999,0.03,U
56220.89,14.299999999999999,0.04,V
56220.93,16.31,0.05,UVW2
56220.96,14.670000000000002,0.04,U
56221.02,15.1,0.13,J
56221.04,14.38,0.05,B
56221.04,14.690000000000001,0.05,U
56221.04,16.080000000000002,0.06,UVM2
56221.04,15.61,0.06,UVW1
56221.04,16.32,0.06,UVW2
56221.04,14.32,0.05,V
56221.18,14.42,0.01,B
56221.18,14.469999999999999,0.01,I
56221.18,14.360000000000001,0.01,R
56221.18,14.59,0.04,U
56221.18,14.36,0.01,V
56221.91,14.42,0.02,B
56221.91,14.360000000000001,0.01,R
56221.91,14.68,0.02,U
56221.91,14.37,0.01,V
56222.2822,15.687,0.051,UVW1
56222.2835,14.515999999999998,0.043,U
56222.2842,14.448,0.045,B
56222.2861,16.596,0.062,UVW2
56222.2881,14.352,0.054000000000000006,V
56222.2908,16.201,0.063,UVM2
56222.4823,16.404,0.069,UVM2
56222.4973,16.574,0.061,UVW2
56222.78,14.52,0.05,B
56222.78,14.719999999999999,0.05,U
56222.78,16.240000000000002,0.06,UVM2
56222.78,15.77,0.06,UVW1
56222.78,16.63,0.06,UVW2
56222.78,14.469999999999999,0.05,V
56222.92,14.59,0.02,B
56222.92,14.6,0.02,I
56222.92,14.4,0.02,R
56222.92,14.86,0.1,U
56222.92,14.43,0.02,V
56222.98,16.25,0.07,UVM2
56222.99,16.43,0.05,UVW2
56223.07,14.6,0.04,I
56223.07,14.430000000000001,0.01,R
56223.07,14.42,0.01,V
56223.19,15.100000000000001,0.04,H
56223.19,15.08,0.02,J
56223.19,15.51,0.13,KS
56223.25,14.5,0.02,B
56223.25,14.569999999999999,0.02,I
56223.25,14.450000000000001,0.01,R
56223.25,14.920000000000002,0.03,U
56223.25,14.459999999999999,0.01,V
56224.4865,15.911,0.055999999999999994,UVW1
56224.4876,14.795000000000002,0.046,U
56224.4881,14.562000000000001,0.046,B
56224.4898,16.983,0.076,UVW2
56224.4914,14.398,0.057,V
56224.4938,16.537000000000003,0.065,UVM2
56224.6253,14.793,0.042,U
56224.6406,17.017,0.075,UVW2
56224.87,14.65,0.01,B
56224.87,14.67,0.05,I
56224.87,14.5,0.01,R
56224.87,14.989999999999998,0.02,U
56224.87,14.5,0.02,V
56224.99,14.57,0.03,B
56224.99,15.05,0.06,U
56224.99,16.62,0.06,UVM2
56224.99,15.99,0.06,UVW1
56224.99,17.02,0.07,UVW2
56224.99,14.51,0.06,V
56225.0,16.84,0.07,UVM2
56225.02,14.7,0.02,B
56225.02,14.67,0.02,I
56225.02,14.5,0.03,R
56225.02,14.559999999999999,0.05,V
56225.12,15.059999999999999,0.05,U
56225.14,17.04,0.06,UVW2
56225.88,14.77,0.02,B
56225.88,14.79,0.03,I
56225.88,14.620000000000001,0.01,R
56225.88,15.120000000000001,0.09,U
56225.88,14.67,0.01,V
56226.06,15.31,0.12,J
56226.2273,16.319000000000003,0.065,UVW1
56226.2286,15.050999999999998,0.047,U
56226.2292,14.797,0.047,B
56226.2312,17.328,0.077,UVW2
56226.2331,14.659,0.061,V
56226.2358,16.897000000000002,0.066,UVM2
56226.4939,16.989,0.067,UVM2
56226.5103,17.404,0.076,UVW2
56226.73,14.83,0.05,B
56226.73,15.41,0.06,U
56226.73,16.95,0.07,UVM2
56226.73,16.36,0.06,UVW1
56226.73,17.27,0.07,UVW2
56226.73,14.709999999999999,0.06,V
56228.3611,15.589000000000002,0.052000000000000005,U
56228.3758,17.7,0.094,UVW2
56228.705,16.892,0.07200000000000001,UVW1
56228.7061,15.614,0.055,U
56228.7066,15.136,0.051,B
56228.7082,17.937,0.086,UVW2
56228.7097,14.963,0.07200000000000001,V
56228.712,17.421,0.07200000000000001,UVM2
56228.86,15.760000000000002,0.06,U
56229.05,15.33,0.05,B
56229.05,15.059999999999999,0.04,I
56229.05,14.950000000000001,0.04,R
56229.05,15.04,0.03,V
56229.21,15.14,0.06,B
56229.21,15.82,0.06,U
56229.21,17.3,0.07,UVM2
56229.21,16.900000000000002,0.07,UVW1
56229.21,17.71,0.08,UVW2
56229.21,15.02,0.07,V
56230.3687,17.048000000000002,0.07400000000000001,UVW1
56230.3697,15.805999999999997,0.06,U
56230.3703,15.379000000000001,0.055,B
56230.3719,18.121,0.08800000000000001,UVW2
56230.3734,15.179,0.075,V
56230.3758,17.633,0.073,UVM2
56230.87,15.48,0.05,B
56230.87,16.17,0.06,U
56230.87,17.69,0.05,UVM2
56230.87,17.1,0.07,UVW1
56230.87,18.240000000000002,0.09,UVW2
56230.87,15.15,0.06,V
56231.03,15.4,0.03,B
56232.8515,17.241,0.075,UVW1
56232.8526,15.765999999999998,0.057999999999999996,U
56232.8532,15.215,0.052000000000000005,B
56232.8549,18.335,0.09,UVW2
56232.8566,15.046,0.07200000000000001,V
56232.859,18.0,0.078,UVM2
56233.35,15.3,0.06,B
56233.35,16.04,0.06,U
56233.35,17.880000000000003,0.07,UVM2
56233.35,17.27,0.07,UVW1
56233.35,18.37,0.08,UVW2
56233.35,14.99,0.06,V
56233.6846,18.357,0.079,UVW2
56234.1623,18.328,0.07400000000000001,UVW2
56234.2114,17.182000000000002,0.076,UVW1
56234.2117,15.584,0.055999999999999994,U
56234.212,15.038,0.051,B
56234.2126,18.359,0.09300000000000001,UVW2
56234.213,14.87,0.071,V
56234.214,18.009000000000004,0.08199999999999999,UVM2
56234.28,17.96,0.04,UVM2
56234.28,18.37,0.08,UVW2
56234.4121,17.966,0.066,UVM2
56234.98,15.13,0.05,B
56234.98,15.96,0.05,U
56234.98,17.89,0.06,UVM2
56234.98,17.150000000000002,0.06,UVW1
56234.98,18.41,0.08,UVW2
56234.98,14.799999999999999,0.06,V
56236.09,15.120000000000001,0.01,B
56236.09,14.809999999999999,0.04,I
56236.09,14.920000000000002,0.01,R
56236.09,15.66,0.01,U
56236.09,14.94,0.06,V
56236.71,15.08,0.06,B
56236.71,15.809999999999999,0.05,U
56236.71,18.110000000000003,0.06,UVM2
56236.71,17.16,0.06,UVW1
56236.71,18.41,0.07,UVW2
56236.71,14.83,0.05,V
56237.05,15.610000000000001,0.11,H
56237.05,15.32,0.08,J
56237.05,15.79,0.12,KS
56237.07,15.23,0.03,B
56238.03,15.28,0.04,B
56238.03,15.129999999999999,0.03,I
56238.03,15.05,0.03,R
56238.03,15.09,0.03,V
56238.0795,17.3,0.068,UVW1
56238.0806,15.834,0.057999999999999996,U
56238.0812,15.276,0.054000000000000006,B
56238.0828,18.564,0.084,UVW2
56238.0845,15.129000000000001,0.063,V
56238.0869,18.071,0.07,UVM2
56238.55,15.31,0.04,B
56238.55,16.18,0.05,U
56238.55,17.89,0.07,UVM2
56238.55,17.09,0.08,UVW1
56238.55,18.240000000000002,0.09,UVW2
56238.55,15.17,0.07,V
56239.02,15.47,0.02,B
56239.14,15.47,0.01,B
56239.14,15.25,0.02,I
56239.14,15.170000000000002,0.02,R
56239.14,16.12,0.01,U
56239.14,15.28,0.01,V
56240.0521,16.29,0.068,U
56240.0532,15.668,0.061,B
56240.0563,18.830000000000002,0.08800000000000001,UVW2
56240.0594,15.300999999999998,0.066,V
56240.0627,18.345000000000002,0.079,UVM2
56240.0904,17.617,0.071,UVW1
56240.55,15.65,0.05,B
56240.55,16.47,0.05,U
56240.55,18.43,0.06,UVM2
56240.55,17.57,0.08,UVW1
56240.55,18.92,0.06,UVW2
56240.55,15.309999999999999,0.06,V
56242.04,15.9,0.05,B
56242.04,15.479999999999999,0.04,I
56242.04,15.420000000000002,0.02,R
56242.04,15.52,0.02,V
56242.18,16.36,0.1,H
56242.18,16.09,0.08,J
56242.2882,17.94,0.073,UVW1
56242.2895,16.682000000000002,0.07,U
56242.2902,15.999000000000002,0.062,B
56242.2922,19.218,0.091,UVW2
56242.2941,15.662999999999998,0.068,V
56242.297,18.729000000000003,0.076,UVM2
56242.79,16.05,0.06,B
56242.79,16.9,0.07,U
56242.79,18.6,0.09,UVM2
56242.79,17.96,0.08,UVW1
56242.79,19.3,0.1,UVW2
56242.79,15.59,0.06,V
56242.8,16.0,0.02,B
56242.8,15.479999999999999,0.05,I
56242.8,15.47,0.07,R
56242.8,16.869999999999997,0.05,U
56242.8,15.62,0.05,V
56243.04,16.04,0.04,B
56243.04,15.559999999999999,0.04,I
56243.04,15.450000000000001,0.03,R
56243.04,15.61,0.02,V
56244.04,16.080000000000002,0.02,B
56244.04,15.6,0.04,I
56244.04,15.56,0.02,R
56244.04,15.69,0.02,V
56244.4278,17.082,0.075,U
56244.4285,16.415,0.066,B
56244.4328,15.874,0.07,V
56244.4347,19.055,0.086,UVM2
56244.82,16.21,0.06,B
56244.82,15.67,0.03,I
56244.82,15.56,0.08,R
56244.82,17.07,0.09,U
56244.82,15.709999999999999,0.02,V
56244.92,16.15,0.06,B
56244.92,17.18,0.07,U
56244.92,19.200000000000003,0.1,UVM2
56244.92,18.59,0.16,UVW1
56244.92,19.54,0.1,UVW2
56244.92,15.73,0.06,V
56245.06,16.14,0.08,H
56245.06,15.86,0.07,J
56245.06,16.42,0.06,KS
56246.11,15.58,0.02,R
56246.17,16.2,0.03,B
56246.17,15.67,0.05,I
56246.17,15.63,0.03,R
56246.17,15.719999999999999,0.07,V
56246.9055,18.595000000000002,0.085,UVW1
56246.9066,17.137,0.078,U
56246.9073,16.383,0.067,B
56246.9093,19.888,0.109,UVW2
56246.911,15.980999999999998,0.07400000000000001,V
56246.914,19.25,0.086,UVM2
56247.41,16.32,0.05,B
56247.41,17.31,0.08,U
56247.41,19.39,0.13,UVM2
56247.41,18.770000000000003,0.1,UVW1
56247.41,19.73,0.15,UVW2
56247.41,15.83,0.07,V
56248.0414,18.48,0.083,UVW1
56248.0427,17.029999999999998,0.076,U
56248.0433,16.266,0.066,B
56248.0451,19.753,0.106,UVW2
56248.0469,15.809000000000001,0.071,V
56248.0495,19.343,0.08900000000000001,UVM2
56248.54,16.34,0.06,B
56248.54,17.369999999999997,0.06,U
56248.54,19.490000000000002,0.11,UVM2
56248.54,18.790000000000003,0.1,UVW1
56248.54,19.88,0.12,UVW2
56248.54,15.87,0.07,V
56249.08,16.34,0.03,B
56249.08,15.719999999999999,0.04,I
56249.08,15.690000000000001,0.02,R
56249.08,15.82,0.03,V
56250.0399,18.863,0.1,UVW1
56250.0412,17.340999999999998,0.084,U
56250.0418,16.639,0.073,B
56250.0435,20.049000000000003,0.11699999999999999,UVW2
56250.0454,16.016,0.076,V
56250.0477,19.623,0.099,UVM2
56250.54,16.5,0.07,B
56250.54,17.66,0.09,U
56250.54,19.67,0.12,UVM2
56250.54,18.860000000000003,0.12,UVW1
56250.54,20.16,0.11,UVW2
56250.54,15.98,0.07,V
56252.13,16.67,0.03,B
56252.13,15.899999999999999,0.06,I
56252.13,15.9,0.04,R
56252.13,16.06,0.06,V
56252.16,16.68,0.01,B
56252.16,15.93,0.02,I
56252.16,15.940000000000001,0.04,R
56252.16,17.91,0.02,U
56252.16,16.23,0.06,V
56252.585,19.015,0.098,UVW1
56252.5863,17.66,0.091,U
56252.5869,16.756,0.073,B
56252.5883,20.425,0.135,UVW2
56252.5904,16.118,0.079,V
56252.5923,20.103,0.11599999999999999,UVM2
56253.08,16.73,0.08,B
56253.08,17.939999999999998,0.09,U
56253.08,20.37,0.15,UVM2
56253.08,19.080000000000002,0.11,UVW1
56253.08,20.67,0.17,UVW2
56253.08,16.169999999999998,0.08,V
56254.0843,19.149,0.09,UVW1
56254.0851,17.915999999999997,0.087,U
56254.0855,16.791,0.067,B
56254.0869,20.563,0.12300000000000001,UVW2
56254.088,16.294999999999998,0.07400000000000001,V
56254.09,20.169,0.102,UVM2
56254.58,16.78,0.07,B
56254.58,18.3,0.09,U
56254.58,20.44,0.1,UVM2
56254.58,19.26,0.11,UVW1
56254.58,20.92,0.16,UVW2
56254.58,16.31,0.07,V
56256.14,16.86,0.05,B
56256.14,15.969999999999999,0.05,I
56256.14,16.02,0.04,R
56256.14,16.27,0.04,V
56256.6597,19.455000000000002,0.10300000000000001,UVW1
56256.6613,18.136,0.096,U
56256.6622,16.947,0.071,B
56256.6646,20.754,0.168,UVW2
56256.6954,16.28,0.09300000000000001,V
56256.699,20.361,0.145,UVM2
56257.17,16.95,0.07,B
56257.17,18.43,0.08,U
56257.17,20.75,0.17,UVM2
56257.17,19.580000000000002,0.1,UVW1
56257.17,21.18,0.22,UVW2
56257.17,16.4,0.09,V
56258.5246,19.525000000000002,0.106,UVW1
56258.5263,18.062,0.095,U
56258.5271,17.105,0.075,B
56258.5296,20.957,0.14800000000000002,UVW2
56258.532,16.399,0.078,V
56258.5355,20.573,0.125,UVM2
56259.03,17.1,0.08,B
56259.03,18.45,0.08,U
56259.03,20.950000000000003,0.18,UVM2
56259.03,19.73,0.11,UVW1
56259.03,21.41,0.22,UVW2
56259.03,16.49,0.07,V
56260.3291,19.659000000000002,0.10800000000000001,UVW1
56260.3309,18.154,0.095,U
56260.3318,17.134,0.07400000000000001,B
56260.3346,21.218,0.161,UVW2
56260.3372,16.449,0.077,V
56260.3413,20.429000000000002,0.113,UVM2
56260.83,17.1,0.07,B
56260.83,18.43,0.09,U
56260.83,20.830000000000002,0.13,UVM2
56260.83,19.87,0.11,UVW1
56260.83,21.81,0.26,UVW2
56260.83,16.54,0.07,V
56261.15,16.97,0.04,B
56261.15,16.39,0.03,V
56262.1986,19.964000000000002,0.121,UVW1
56262.2006,18.099999999999998,0.092,U
56262.2015,17.055,0.071,B
56262.2043,21.158,0.155,UVW2
56262.2072,16.358,0.07400000000000001,V
56262.211,20.746,0.13,UVM2
56262.7,17.09,0.07,B
56262.7,18.41,0.08,U
56262.7,21.28,0.17,UVM2
56262.7,20.23,0.13,UVW1
56262.7,21.830000000000002,0.26,UVW2
56262.7,16.49,0.07,V
56264.08,17.13,0.04,B
56264.08,16.07,0.05,I
56264.08,16.14,0.02,R
56264.08,16.419999999999998,0.01,V
56264.602,19.898,0.12300000000000001,UVW1
56264.6038,18.276,0.10300000000000001,U
56264.6047,17.272000000000002,0.078,B
56264.607,21.14,0.16,UVW2
56264.6098,16.578,0.08199999999999999,V
56264.6135,20.69,0.128,UVM2
56264.82,17.05,0.07,B
56264.82,16.15,0.05,I
56264.82,16.07,0.08,R
56264.82,18.25,0.1,U
56264.82,16.5,0.04,V
56265.06,17.22,0.06,B
56265.06,16.11,0.05,I
56265.06,16.27,0.03,R
56265.06,18.45,0.1,U
56265.06,16.56,0.04,V
56265.11,17.28,0.08,B
56265.11,18.61,0.09,U
56265.11,21.25,0.2,UVM2
56265.11,20.19,0.14,UVW1
56265.11,21.830000000000002,0.26,UVW2
56265.11,16.71,0.07,V
56266.02,16.48,0.08,H
56266.02,16.24,0.04,J
56266.02,16.76,0.05,KS
56266.1395,19.982000000000003,0.124,UVW1
56266.1414,18.505999999999997,0.11,U
56266.1423,17.493,0.08199999999999999,B
56266.1449,21.394000000000002,0.177,UVW2
56266.1478,16.672,0.083,V
56266.1513,20.996,0.14800000000000002,UVM2
56266.65,17.59,0.09,B
56266.65,18.8,0.12,U
56266.65,16.74,0.08,V
56268.655,20.362000000000002,0.14800000000000002,UVW1
56268.6568,18.96,0.133,U
56268.6575,18.061,0.10300000000000001,B
56268.6592,21.307000000000002,0.171,UVW2
56268.6619,16.980999999999998,0.095,V
56268.6642,21.187,0.162,UVM2
56269.16,18.07,0.11,B
56269.16,19.38,0.17,U
56269.16,17.06,0.11,V
56270.3451,20.315,0.156,UVW1
56270.3467,19.559,0.225,U
56270.3476,18.026,0.111,B
56270.3501,21.695999999999998,0.217,UVW2
56270.3526,17.270999999999997,0.111,V
56270.356,21.464000000000002,0.2,UVM2
56270.85,18.22,0.14,B
56270.85,19.66,0.24,U
56270.85,17.34,0.13,V
56272.08,18.25,0.04,B
56272.08,16.77,0.09,I
56272.08,16.830000000000002,0.03,R
56272.08,17.32,0.04,V
56272.2532,20.461000000000002,0.16,UVW1
56272.2545,19.581,0.205,U
56272.2551,18.417,0.129,B
56272.2566,21.518,0.19399999999999998,UVW2
56272.2585,17.415,0.11900000000000001,V
56272.2607,21.219,0.16699999999999998,UVM2
56272.76,18.43,0.14,B
56272.76,19.759999999999998,0.21,U
56272.76,17.48,0.14,V
56273.05,16.93,0.05,R
56274.5527,20.720000000000002,0.19,UVW1
56274.554,19.822,0.267,U
56274.5547,19.11,0.217,B
56274.5569,21.929000000000002,0.24100000000000002,UVW2
56274.5588,17.944,0.157,V
56274.5621,21.488,0.191,UVM2
56274.62,18.77,0.33,B
56274.62,19.849999999999998,0.42,U
56274.62,18.08,0.3,V
56275.07,18.94,0.06,B
56275.07,17.39,0.07,I
56275.07,17.43,0.04,R
56275.07,18.02,0.05,V
56276.2226,20.794000000000004,0.196,UVW1
56276.2255,19.242,0.231,B
56276.2282,21.797,0.223,UVW2
56276.2312,18.139,0.18100000000000002,V
56276.2351,21.747000000000003,0.226,UVM2
56276.73,19.21,0.22,B
56276.73,18.55,0.21,V
56278.05,19.07,0.1,B
56278.05,17.689999999999998,0.11,I
56278.05,17.67,0.11,R
56278.05,18.37,0.14,V
56278.3936,20.971,0.33,UVW1
56278.3951,19.677,0.34,U
56278.4005,18.134,0.27399999999999997,V
56278.4033,21.296,0.276,UVM2
56280.3003,21.293000000000003,0.258,UVW1
56280.3027,20.227999999999998,0.265,U
56280.3043,19.269000000000002,0.184,B
56280.3082,21.990000000000002,0.226,UVW2
56280.3122,18.320999999999998,0.16899999999999998,V
56280.3152,21.798000000000002,0.27899999999999997,UVM2
56282.09,19.13,0.09,B
56282.09,17.599999999999998,0.1,I
56282.09,17.630000000000003,0.05,R
56282.09,20.24,0.1,U
56282.09,18.29,0.06,V
56282.1411,21.322000000000003,0.297,UVW1
56282.1423,20.081,0.27699999999999997,U
56282.1432,18.937,0.172,B
56282.146,22.388,0.33299999999999996,UVW2
56282.1476,18.296,0.196,V
56282.1497,21.18,0.235,UVM2
56283.08,18.01,0.08,H
56283.08,17.79,0.11,J
56283.08,18.14,0.09,KS
56284.2382,21.041,0.217,UVW1
56284.239,20.468,0.32299999999999995,U
56284.2396,19.043,0.16399999999999998,B
56284.2411,22.319000000000003,0.289,UVW2
56284.2425,18.622999999999998,0.222,V
56284.2434,21.823,0.295,UVM2
56286.0747,21.335,0.295,UVW1
56286.0762,19.57,0.33,B
56286.0802,21.502000000000002,0.201,UVM2
56288.9112,21.444000000000003,0.344,UVW1
56288.919,18.435,0.261,V
56288.9223,21.811,0.25,UVM2
56290.07,18.57,0.11,V
56290.2531,21.302000000000003,0.285,UVW1
56290.255,20.017999999999997,0.305,U
56290.2559,19.449,0.293,B
56292.4537,21.575000000000003,0.363,UVW1
56292.4565,19.367,0.3,B
56292.4618,18.632,0.313,V
56292.4655,22.05,0.276,UVM2
56294.4619,21.145000000000003,0.19399999999999998,UVW1
56294.4638,20.485999999999997,0.33799999999999997,U
56294.4646,19.667,0.273,B
56294.4668,22.375,0.26,UVW2
56294.4697,18.817999999999998,0.266,V
56294.4724,21.860000000000003,0.19699999999999998,UVM2
56330.16,14.88,0.07,H
56385.4,18.45,0.06,R
56385.4,19.25,0.06,V
56386.38,19.27,0.05,V
56388.41,19.86,0.1,B
56390.4,19.31,0.08,I
56390.4,18.53,0.07,R
56390.4,19.28,0.1,V
56394.39,19.21,0.1,I
56394.39,18.630000000000003,0.08,R
56394.39,19.45,0.07,V
56395.37,19.27,0.06,V
56396.37,19.36,0.07,V
56397.9,19.25,0.09,I
56397.9,18.5,0.06,R
56397.9,19.36,0.11,V
56402.37,19.4,0.05,V
56411.85,18.68,0.05,R
56415.37,18.67,0.12,R
56418.33,18.630000000000003,0.06,R
56432.34,18.76,0.06,R
56435.4,18.8,0.05,R
56437.78,20.39,0.09,B
56437.78,19.41,0.08,I
56437.78,18.740000000000002,0.05,R
56437.78,19.91,0.06,V
56440.79,18.82,0.07,R
56440.79,19.95,0.11,V
56446.69,20.46,0.05,B
56446.69,19.57,0.08,I
56446.69,18.830000000000002,0.04,R
56446.69,20.04,0.07,V
56447.34,18.880000000000003,0.03,R
56457.35,18.98,0.05,R
56461.82,20.25,0.05,B
56461.82,19.669999999999998,0.04,I
56461.82,18.91,0.04,R
56461.82,20.099999999999998,0.05,V
56473.4,19.03,0.03,R
56485.81,20.64,0.04,B
56485.81,19.79,0.08,I
56485.81,18.970000000000002,0.04,R
56485.81,20.19,0.07,V
56496.33,19.060000000000002,0.05,R
56499.11,20.74,0.23,B
56499.11,20.04,0.1,V
56500.7,20.580000000000002,0.07,B
56500.7,19.03,0.04,R
56500.7,20.14,0.06,V
56501.34,20.59,0.08,B
56501.34,19.72,0.05,I
56501.34,19.18,0.06,R
56501.34,20.08,0.05,V
56503.7,20.82,0.11,B
56503.7,20.029999999999998,0.13,I
56503.7,19.1,0.06,R
56503.7,20.38,0.1,V
56509.2,20.62,0.06,B
56509.2,19.9,0.06,I
56509.2,19.220000000000002,0.06,R
56509.2,20.099999999999998,0.05,V
56509.79,20.61,0.05,B
56509.79,19.89,0.1,I
56509.79,19.03,0.04,R
56509.79,20.16,0.08,V
56512.02,20.580000000000002,0.09,B
56512.02,20.04,0.09,V
56515.62,20.69,0.08,B
56515.62,19.11,0.04,R
56515.62,20.29,0.07,V
56516.15,19.14,0.12,R
56519.13,20.73,0.04,B
56519.13,19.97,0.05,I
56519.13,19.240000000000002,0.07,R
56519.13,20.22,0.05,V
56520.07,20.79,0.12,B
56520.07,20.08,0.05,V
56521.59,20.79,0.09,B
56521.59,20.04,0.1,I
56521.59,19.17,0.03,R
56521.59,20.41,0.05,V
56530.63,19.2,0.12,R
56530.63,20.22,0.19,V
56531.1,20.79,0.06,B
56531.1,20.06,0.09,I
56531.1,19.35,0.06,R
56531.1,20.29,0.06,V
56533.62,19.220000000000002,0.08,R
56534.01,20.87,0.12,B
56534.01,20.11,0.07,V
56544.04,20.19,0.07,V
56547.2,20.66,0.05,B
56547.2,20.11,0.08,I
56547.2,19.330000000000002,0.05,R
56547.2,20.16,0.04,V
56553.95,20.259999999999998,0.23,V
56561.95,20.68,0.08,B
56561.95,20.28,0.07,V
56569.05,20.9,0.06,B
56569.05,20.22,0.07,I
56569.05,19.44,0.04,R
56569.05,20.41,0.1,V
56581.18,20.77,0.13,B
56581.18,20.27,0.08,I
56581.18,19.51,0.06,R
56581.18,20.48,0.15,V
56590.14,20.98,0.1,B
56590.14,20.41,0.24,I
56590.14,19.55,0.08,R
56590.14,20.54,0.11,V
56601.83,20.43,0.32,V
56619.87,21.15,0.09,B
56619.87,20.53,0.07,V
56622.82,21.16,0.13,B
56622.82,20.52,0.07,V
56627.05,21.1,0.06,B
56627.05,20.43,0.09,I
56627.05,19.64,0.04,R
56627.05,20.69,0.05,V
56650.05,21.16,0.07,B
56650.05,20.58,0.05,I
56650.05,19.66,0.05,R
56650.05,20.73,0.04,V
56768.32,20.849999999999998,0.27,I
56768.32,20.01,0.07,R
56768.32,21.07,0.05,V
56770.36,21.53,0.1,B
56771.4,21.099999999999998,0.1,I
56771.4,20.05,0.05,R
56771.4,21.19,0.06,V
56776.38,20.97,0.21,I
56776.38,20.01,0.11,R
56776.38,21.05,0.18,V
56782.37,21.52,0.61,B
56782.37,21.279999999999998,0.29,I
56782.37,20.11,0.08,R
56782.37,21.12,0.09,V
56885.12,21.830000000000002,0.08,B
56885.12,21.34,0.08,I
56885.12,20.42,0.04,R
56885.12,21.47,0.05,V
56916.2,20.11,0.08,R
56924.02,21.7,0.13,B
56924.02,20.48,0.06,R
56924.02,21.47,0.05,V
56929.21,21.85,0.1,B
56929.21,20.490000000000002,0.05,R
56929.21,21.56,0.07,V
56975.06,21.9,0.09,B
56975.06,21.66,0.08,I
56975.06,20.650000000000002,0.06,R
56975.06,21.63,0.09,V
57014.06,21.91,0.07,B
57014.06,21.9,0.31,I
57014.06,20.76,0.07,R
57014.06,21.75,0.07,V
